2 3072 0.776
2 3072 0.801
2 3072 0.874
2 3072 0.599
2 3072 1.126
2 3072 0.729
2 3072 0.534
2 3072 0.741
2 3072 0.466
2 3072 0.52
2 3072 0.493
2 3072 0.766
2 3072 0.449
2 3072 0.494
2 3072 0.497
2 3072 0.552
2 3072 0.497
2 3072 0.745
2 3072 0.72
2 3072 0.483
2 3072 0.475
2 3072 0.491
2 3072 0.554
2 3072 0.516
2 3072 0.717
2 3072 0.785
2 3072 0.78
2 3072 0.781
2 3072 0.577
2 3072 0.549
2 3072 0.625
2 3072 0.493
2 3072 0.553
2 3072 0.435
2 3072 0.537
2 3072 0.515
2 3072 0.621
2 3072 0.547
2 3072 0.615
2 3072 0.513
2 3072 0.553
2 3072 0.544
2 3072 0.535
2 3072 0.544
2 3072 0.535
2 3072 0.761
2 3072 0.611
2 3072 0.513
2 3072 0.512
2 3072 0.79
2 3072 0.504
2 3072 0.596
2 3072 0.565
2 3072 0.596
2 3072 0.513
2 3072 0.808
2 3072 0.505
2 3072 0.496
2 3072 0.782
2 3072 0.534
2 3072 0.559
2 3072 0.516
2 3072 0.571
2 3072 0.534
2 3072 0.796
2 3072 0.72
2 3072 0.763
2 3072 0.523
2 3072 0.724
2 3072 0.433
2 3072 0.537
2 3072 0.465
2 3072 0.456
2 3072 0.573
2 3072 0.419
2 3072 0.471
2 3072 0.55
2 3072 0.457
2 3072 0.585
2 3072 0.424
2 3072 0.533
2 3072 0.415
2 3072 0.449
2 3072 0.47
2 3072 0.525
2 3072 0.737
2 3072 0.757
2 3072 0.529
2 3072 0.713
2 3072 0.459
2 3072 0.508
2 3072 0.455
2 3072 0.448
2 3072 0.453
2 3072 0.595
2 3072 0.442
2 3072 0.617
2 3072 0.454
2 3072 0.564
2 3072 0.409
2 3072 0.572
2 3072 0.513
2 3072 0.527
2 3072 0.456
2 3072 0.54
2 3072 0.791
2 3072 0.576
2 3072 0.833
2 3072 0.508
2 3072 0.547
2 3072 0.6
2 3072 0.501
2 3072 0.496
2 3072 0.504
2 3072 0.498
2 3072 0.52
2 3072 0.777
2 3072 0.511
2 3072 0.499
2 3072 0.584
2 3072 0.802
2 3072 0.501
2 3072 0.493
2 3072 0.77
2 3072 0.504
2 3072 0.428
2 3072 0.552
2 3072 0.798
2 3072 0.461
2 3072 0.494
2 3072 0.563
2 3072 0.465
2 3072 0.555
2 3072 0.416
2 3072 0.46
2 3072 0.616
2 3072 0.464
2 3072 0.608
2 3072 0.499
2 3072 0.492
2 3072 0.485
2 3072 0.481
2 3072 0.469
2 3072 0.471
2 3072 0.478
2 3072 0.485
2 3072 0.5
2 3072 0.452
2 3072 0.496
2 3072 0.47
2 3072 0.482
2 3072 0.482
2 3072 0.491
2 3072 0.552
2 3072 0.476
2 3072 0.539
2 3072 0.489
2 3072 0.506
2 3072 0.469
2 3072 0.514
2 3072 0.451
2 3072 0.517
2 3072 0.517
2 3072 0.42
2 3072 0.457
2 3072 0.439
2 3072 0.443
2 3072 0.428
2 3072 0.473
2 3072 0.466
2 3072 0.449
2 3072 0.459
2 3072 0.472
2 3072 0.471
2 3072 0.452
2 3072 0.443
2 3072 0.486
2 3072 0.434
2 3072 0.44
2 3072 0.456
2 3072 0.401
2 3072 0.441
2 3072 0.449
2 3072 0.53
2 3072 0.778
2 3072 0.543
2 3072 0.568
2 3072 0.446
2 3072 0.493
2 3072 0.751
2 3072 0.511
2 3072 0.461
2 3072 0.463
2 3072 0.529
2 3072 0.465
2 3072 0.421
2 3072 0.443
2 3072 0.604
2 3072 0.466
2 3072 0.525
2 3072 0.578
2 3072 0.472
2 3072 0.57
2 3072 0.485
2 3072 0.525
2 3072 0.493
2 3072 0.513
2 3072 0.507
2 3072 0.554
2 3072 0.492
2 3072 0.781
2 3072 0.825
2 3072 0.717
2 3072 0.572
2 3072 0.604
2 3072 0.609
2 3072 0.615
2 3072 0.57
2 3072 0.547
2 3072 0.57
2 3072 0.562
3 3072 0.748
3 3072 0.699
3 3072 0.728
3 3072 0.652
3 3072 0.67
3 3072 0.724
3 3072 0.695
2 3072 0.532
2 3072 0.516
2 3072 0.474
2 3072 0.477
2 3072 0.523
2 3072 0.538
2 3072 0.571
2 3072 0.535
2 3072 0.474
2 3072 0.465
2 3072 0.55
3 3072 0.62
3 3072 0.671
3 3072 0.726
3 3072 0.685
3 3072 0.623
3 3072 0.719
3 3072 0.606
2 3072 0.494
2 3072 0.498
2 3072 0.463
2 3072 0.497
2 3072 0.476
2 3072 0.496
2 3072 0.465
2 3072 0.556
2 3072 0.62
2 3072 0.53
2 3072 0.492
3 3072 0.655
3 3072 0.654
3 3072 0.666
3 3072 0.655
3 3072 0.599
3 3072 0.589
3 3072 0.632
2 3072 0.561
2 3072 0.595
2 3072 0.567
2 3072 0.535
2 3072 0.547
2 3072 0.479
2 3072 0.58
2 3072 0.5
2 3072 0.516
2 3072 0.643
2 3072 0.511
3 3072 0.751
3 3072 0.679
3 3072 0.685
3 3072 0.668
3 3072 0.674
3 3072 0.701
3 3072 0.667
2 3072 0.515
2 3072 0.474
2 3072 0.565
2 3072 0.461
2 3072 0.491
2 3072 0.438
2 3072 0.528
2 3072 0.456
2 3072 0.526
2 3072 0.503
2 3072 0.501
3 3072 0.613
3 3072 0.621
3 3072 0.607
3 3072 0.698
3 3072 0.649
3 3072 0.643
3 3072 0.627
3 3072 0.635
3 3072 0.722
3 3072 0.68
3 3072 0.611
3 3072 0.662
3 3072 0.661
3 3072 0.67
3 3072 0.695
3 3072 0.724
3 3072 0.642
3 3072 0.614
3 3072 0.65
3 3072 0.675
3 3072 0.63
3 3072 0.67
3 3072 0.667
3 3072 0.613
3 3072 0.662
3 3072 0.662
3 3072 0.679
3 3072 0.636
3 3072 0.712
3 3072 0.668
3 3072 0.682
3 3072 0.697
3 3072 0.744
2 3072 0.543
2 3072 0.513
2 3072 0.507
2 3072 0.482
2 3072 0.514
2 3072 0.515
2 3072 0.539
2 3072 0.468
2 3072 0.49
2 3072 0.53
2 3072 0.484
2 3072 0.555
2 3072 0.485
2 3072 0.487
2 3072 0.474
2 3072 0.503
2 3072 0.462
2 3072 0.471
2 3072 0.468
2 3072 0.482
2 3072 0.517
2 3072 0.476
2 3072 0.487
3 3072 0.613
3 3072 0.602
3 3072 0.61
3 3072 0.589
3 3072 0.599
3 3072 0.633
3 3072 0.765
3 3072 0.6
3 3072 0.622
3 3072 0.655
3 3072 0.641
3 3072 0.616
3 3072 0.647
3 3072 0.663
3 3072 0.605
3 3072 0.675
3 3072 0.585
3 3072 0.715
3 3072 0.622
3 3072 0.753
3 3072 0.643
3 3072 0.748
2 3072 0.492
2 3072 0.48
2 3072 0.51
2 3072 0.485
2 3072 0.541
2 3072 0.497
2 3072 0.509
2 3072 0.47
2 3072 0.503
2 3072 0.545
2 3072 0.468
2 3072 0.491
2 3072 0.465
2 3072 0.505
2 3072 0.443
2 3072 0.502
2 3072 0.497
2 3072 0.483
2 3072 0.479
2 3072 0.552
2 3072 0.507
2 3072 0.565
3 3072 0.698
3 3072 0.637
3 3072 0.653
3 3072 0.658
3 3072 0.712
3 3072 0.644
3 3072 0.618
3 3072 0.623
3 3072 0.64
3 3072 0.66
3 3072 0.643
3 3072 0.619
3 3072 0.691
3 3072 0.65
3 3072 0.656
3 3072 0.654
3 3072 0.721
3 3072 0.641
3 3072 0.616
3 3072 0.605
3 3072 0.658
3 3072 0.607
3 3072 0.623
2 3072 0.488
2 3072 0.564
2 3072 0.543
2 3072 0.507
2 3072 0.533
2 3072 0.473
2 3072 0.494
2 3072 0.481
2 3072 0.488
2 3072 0.472
2 3072 0.555
2 3072 0.473
2 3072 0.485
2 3072 0.488
2 3072 0.597
2 3072 0.484
2 3072 0.515
2 3072 0.477
2 3072 0.488
2 3072 0.477
2 3072 0.546
2 3072 0.523
2 3072 0.497
2 3072 0.531
2 3072 0.498
2 3072 0.524
2 3072 0.549
2 3072 0.584
2 3072 0.492
2 3072 0.495
2 3072 0.511
2 3072 0.535
2 3072 0.529
2 3072 0.506
2 3072 0.524
2 3072 0.509
2 3072 0.517
2 3072 0.533
2 3072 0.531
2 3072 0.582
2 3072 0.549
2 3072 0.584
2 3072 0.544
2 3072 0.604
2 3072 0.621
2 3072 0.614
2 3072 0.572
3 3072 0.686
3 3072 0.744
3 3072 0.725
3 3072 0.681
3 3072 0.783
3 3072 0.624
3 3072 0.698
3 3072 0.686
3 3072 0.664
3 3072 0.767
3 3072 0.619
3 3072 0.675
3 3072 0.666
3 3072 0.702
3 3072 0.636
3 3072 0.661
3 3072 0.638
3 3072 0.703
3 3072 0.628
3 3072 0.7
3 3072 0.77
3 3072 0.699
3 3072 0.673
3 3072 0.678
3 3072 0.761
3 3072 0.676
3 3072 0.699
3 3072 0.693
3 3072 0.645
3 3072 0.628
3 3072 0.682
3 3072 0.642
3 3072 0.645
3 3072 0.702
3 3072 0.637
3 3072 0.68
3 3072 0.72
3 3072 0.664
3 3072 0.667
3 3072 0.62
3 3072 0.684
3 3072 0.624
3 3072 0.611
3 3072 0.641
3 3072 0.593
3 3072 0.596
3 3072 0.613
3 3072 0.598
3 3072 0.628
2 3072 0.742
2 3072 0.527
2 3072 0.498
2 3072 0.484
2 3072 0.432
2 3072 0.781
2 3072 0.473
2 3072 0.532
2 3072 0.443
2 3072 0.587
2 3072 0.49
2 3072 0.759
2 3072 0.566
2 3072 0.454
2 3072 0.565
2 3072 0.503
2 3072 0.439
2 3072 0.503
2 3072 0.523
2 3072 0.583
2 3072 0.57
2 3072 0.571
2 3072 0.503
2 3072 0.543
2 3072 0.709
2 3072 0.519
2 3072 0.686
2 3072 0.575
2 3072 0.501
2 3072 0.624
2 3072 0.605
2 3072 0.507
2 3072 0.597
2 3072 0.483
2 3072 0.496
2 3072 0.468
2 3072 0.494
2 3072 0.472
2 3072 0.46
2 3072 0.463
2 3072 0.595
2 3072 0.698
2 3072 0.628
2 3072 0.561
2 3072 0.548
2 3072 0.541
2 3072 0.579
3 3072 0.625
3 3072 0.665
3 3072 0.582
3 3072 0.73
3 3072 0.624
3 3072 0.821
3 3072 0.788
3 3072 0.717
3 3072 0.702
3 3072 0.865
3 3072 0.63
3 3072 0.684
3 3072 0.76
3 3072 0.654
3 3072 0.809
3 3072 0.594
3 3072 0.776
3 3072 0.566
3 3072 0.819
3 3072 0.589
3 3072 0.715
3 3072 0.618
3 3072 0.612
3 3072 0.616
3 3072 0.626
3 3072 0.714
3 3072 0.636
3 3072 0.616
3 3072 0.595
3 3072 0.651
3 3072 0.593
3 3072 0.6
3 3072 0.574
3 3072 0.616
3 3072 0.644
3 3072 0.594
3 3072 0.562
3 3072 0.607
3 3072 0.629
3 3072 0.64
3 3072 0.641
3 3072 0.769
3 3072 0.698
3 3072 0.718
3 3072 0.586
3 3072 0.643
3 3072 0.67
3 3072 0.608
3 3072 0.61
2 3072 0.808
2 3072 0.641
2 3072 0.86
2 3072 0.778
2 3072 0.874
2 3072 0.593
2 3072 0.756
2 3072 0.683
2 3072 0.57
2 3072 0.621
2 3072 0.526
2 3072 0.603
2 3072 0.526
2 3072 0.596
2 3072 0.525
2 3072 0.502
2 3072 0.778
2 3072 0.496
2 3072 0.584
2 3072 0.593
2 3072 0.499
2 3072 0.496
2 3072 0.599
2 3072 0.536
2 3072 0.716
2 3072 0.599
2 3072 0.52
2 3072 0.841
2 3072 0.451
2 3072 0.778
2 3072 0.418
2 3072 0.818
2 3072 0.443
2 3072 0.469
2 3072 0.54
2 3072 0.546
2 3072 0.539
2 3072 0.449
2 3072 0.515
2 3072 0.43
2 3072 0.463
2 3072 0.77
2 3072 0.464
2 3072 0.564
2 3072 0.454
2 3072 0.494
2 3072 0.405
2 3072 0.484
2 3072 0.708
2 3072 0.485
2 3072 0.6
2 3072 0.576
2 3072 0.548
2 3072 0.474
2 3072 0.493
2 3072 0.456
2 3072 0.499
2 3072 0.514
2 3072 0.485
2 3072 0.533
2 3072 0.472
2 3072 0.506
2 3072 0.513
2 3072 0.636
2 3072 0.482
2 3072 0.631
2 3072 0.482
2 3072 0.585
2 3072 0.523
2 3072 0.625
2 3072 0.464
2 3072 0.537
2 3072 0.477
2 3072 0.516
2 3072 0.431
2 3072 0.55
2 3072 0.527
2 3072 0.505
2 3072 0.535
2 3072 0.493
2 3072 0.56
2 3072 0.464
2 3072 0.525
2 3072 0.46
2 3072 0.486
2 3072 0.475
2 3072 0.546
2 3072 0.503
2 3072 0.56
2 3072 0.501
2 3072 0.523
2 3072 0.519
2 3072 0.483
2 3072 0.564
2 3072 0.498
2 3072 0.504
2 3072 0.495
2 3072 0.64
2 3072 0.506
2 3072 0.541
2 3072 0.415
2 3072 0.497
2 3072 0.462
2 3072 0.477
2 3072 0.481
2 3072 0.474
2 3072 0.514
2 3072 0.427
2 3072 0.468
2 3072 0.447
2 3072 0.479
2 3072 0.466
2 3072 0.515
2 3072 0.478
2 3072 0.533
2 3072 0.465
2 3072 0.504
2 3072 0.474
2 3072 0.48
2 3072 0.427
2 3072 0.457
2 3072 0.497
2 3072 0.41
2 3072 0.488
2 3072 0.516
2 3072 0.449
2 3072 0.472
2 3072 0.555
2 3072 0.464
2 3072 0.503
2 3072 0.488
2 3072 0.529
2 3072 0.48
2 3072 0.524
2 3072 0.437
2 3072 0.463
2 3072 0.453
2 3072 0.548
2 3072 0.458
2 3072 0.469
2 3072 0.46
2 3072 0.492
2 3072 0.473
2 3072 0.459
2 3072 0.534
2 3072 0.468
2 3072 0.488
2 3072 0.476
2 3072 0.463
2 3072 0.416
2 3072 0.462
2 3072 0.423
2 3072 0.463
2 3072 0.48
2 3072 0.498
2 3072 0.494
2 3072 0.487
2 3072 0.458
2 3072 0.435
2 3072 0.489
2 3072 0.497
2 3072 0.54
2 3072 0.491
2 3072 0.523
2 3072 0.49
2 3072 0.49
2 3072 0.539
2 3072 0.531
2 3072 0.49
2 3072 0.477
2 3072 0.535
2 3072 0.44
2 3072 0.472
2 3072 0.538
2 3072 0.488
2 3072 0.545
2 3072 0.446
2 3072 0.482
2 3072 0.458
2 3072 0.508
2 3072 0.459
2 3072 0.509
2 3072 0.471
2 3072 0.476
2 3072 0.474
2 3072 0.465
2 3072 0.5
2 3072 0.572
2 3072 0.492
2 3072 0.505
2 3072 0.472
2 3072 0.455
2 3072 0.49
2 3072 0.448
2 3072 0.472
2 3072 0.411
2 3072 0.523
2 3072 0.427
2 3072 0.433
2 3072 0.456
2 3072 0.49
2 3072 0.533
2 3072 0.539
2 3072 0.489
2 3072 0.488
2 3072 0.533
2 3072 0.542
2 3072 0.529
2 3072 0.582
2 3072 0.559
2 3072 0.616
2 3072 0.588
2 3072 0.625
2 3072 0.581
2 3072 0.586
2 3072 0.566
2 3072 0.59
2 3072 0.557
2 3072 0.64
2 3072 0.591
2 3072 0.545
2 3072 0.491
2 3072 0.77
2 3072 0.53
2 3072 0.578
2 3072 0.497
2 3072 0.516
2 3072 0.493
2 3072 0.493
2 3072 0.525
2 3072 0.471
2 3072 0.61
2 3072 0.505
2 3072 0.521
2 3072 0.496
2 3072 0.525
2 3072 0.567
2 3072 0.637
3 3072 0.623
3 3072 0.777
3 3072 0.607
3 3072 0.652
3 3072 0.64
2 3072 0.509
2 3072 0.437
2 3072 0.533
2 3072 0.42
2 3072 0.473
2 3072 0.495
2 3072 0.456
2 3072 0.505
2 3072 0.44
2 3072 0.473
2 3072 0.427
2 3072 0.464
2 3072 0.409
2 3072 0.45
2 3072 0.463
2 3072 0.495
2 3072 0.422
2 3072 0.452
2 3072 0.472
2 3072 0.451
2 3072 0.46
2 3072 0.468
2 3072 0.475
2 3072 0.469
2 3072 0.409
2 3072 0.497
2 3072 0.469
2 3072 0.472
2 3072 0.494
2 3072 0.426
2 3072 0.469
2 3072 0.487
2 3072 0.509
2 3072 0.426
2 3072 0.437
2 3072 0.461
2 3072 0.505
2 3072 0.525
2 3072 0.471
2 3072 0.56
2 3072 0.497
2 3072 0.504
2 3072 0.453
2 3072 0.484
3 3072 0.656
2 3072 0.504
2 3072 0.519
2 3072 0.476
2 3072 0.501
2 3072 0.478
2 3072 0.485
2 3072 0.497
2 3072 0.422
2 3072 0.442
2 3072 0.478
3 3072 0.676
3 3072 0.62
3 3072 0.66
3 3072 0.602
3 3072 0.615
3 3072 0.59
2 3072 0.498
2 3072 0.476
2 3072 0.517
2 3072 0.451
2 3072 0.469
2 3072 0.486
2 3072 0.502
2 3072 0.481
2 3072 0.484
2 3072 0.474
2 3072 0.483
4 3072 0.749
5 3072 0.854
5 3072 0.95
5 3072 0.919
5 3072 0.907
5 3072 0.919
5 3072 0.895
5 3072 0.886
5 3072 0.893
5 3072 0.857
4 3072 0.72
4 3072 0.73
4 3072 0.684
4 3072 0.73
4 3072 0.685
4 3072 0.746
4 3072 0.727
4 3072 0.751
4 3072 0.717
5 3072 0.919
5 3072 0.837
5 3072 0.961
5 3072 0.884
5 3072 0.895
5 3072 0.807
5 3072 0.997
5 3072 0.872
5 3072 0.92
5 3072 0.923
5 3072 1.01
5 3072 0.84
5 3072 0.901
5 3072 0.857
5 3072 0.852
5 3072 0.97
5 3072 0.868
5 3072 0.874
5 3072 0.899
5 3072 0.843
5 3072 0.833
5 3072 0.959
5 3072 0.993
5 3072 0.967
5 3072 1.033
5 3072 1.024
5 3072 0.94
5 3072 0.941
5 3072 1.135
5 3072 0.953
5 3072 1.013
5 3072 0.987
5 3072 1.137
5 3072 0.935
5 3072 0.998
5 3072 0.912
5 3072 1.002
5 3072 0.883
5 3072 1.028
5 3072 0.985
5 3072 0.944
5 3072 1.102
5 3072 1.058
5 3072 1.052
5 3072 0.993
5 3072 1.041
5 3072 0.967
5 3072 0.967
5 3072 0.924
5 3072 0.986
5 3072 0.973
5 3072 0.977
5 3072 1.0
2 3072 0.542
2 3072 0.463
2 3072 0.413
2 3072 0.499
2 3072 0.446
2 3072 0.466
2 3072 0.446
2 3072 0.445
2 3072 0.46
2 3072 0.442
2 3072 0.453
4 3072 0.666
5 3072 0.878
5 3072 0.782
5 3072 0.905
5 3072 0.811
5 3072 0.917
5 3072 0.912
5 3072 0.883
5 3072 0.92
5 3072 0.86
4 3072 0.726
4 3072 0.715
4 3072 0.79
4 3072 0.754
4 3072 0.684
4 3072 0.756
4 3072 0.717
4 3072 0.818
4 3072 0.73
5 3072 0.886
5 3072 0.836
5 3072 0.979
5 3072 0.825
5 3072 0.967
5 3072 0.907
5 3072 0.995
5 3072 0.847
5 3072 1.2
5 3072 1.038
5 3072 1.047
5 3072 1.072
5 3072 0.941
5 3072 0.923
5 3072 0.983
5 3072 0.906
5 3072 0.991
5 3072 0.919
5 3072 0.972
5 3072 0.895
5 3072 0.972
5 3072 0.906
5 3072 0.902
5 3072 0.918
5 3072 0.855
5 3072 0.983
5 3072 0.927
5 3072 1.039
5 3072 1.006
5 3072 0.847
5 3072 1.046
5 3072 0.847
5 3072 1.067
5 3072 0.947
5 3072 0.963
5 3072 0.911
5 3072 0.939
5 3072 1.032
5 3072 0.967
5 3072 0.976
5 3072 0.943
5 3072 1.008
5 3072 0.929
5 3072 0.945
5 3072 0.944
5 3072 0.958
5 3072 0.91
5 3072 0.981
5 3072 0.992
5 3072 0.917
5 3072 0.939
2 3072 0.751
2 3072 0.715
2 3072 0.697
2 3072 0.544
2 3072 0.52
2 3072 0.566
2 3072 0.591
2 3072 0.543
2 3072 0.528
2 3072 0.556
2 3072 0.505
2 3072 0.528
2 3072 0.534
2 3072 0.581
2 3072 0.512
2 3072 0.491
2 3072 0.554
2 3072 0.532
2 3072 0.512
2 3072 0.497
2 3072 0.507
2 3072 0.51
2 3072 0.64
2 3072 0.517
2 3072 0.451
2 3072 0.554
2 3072 0.545
2 3072 0.526
2 3072 0.499
2 3072 0.495
2 3072 0.505
2 3072 0.523
2 3072 0.465
2 3072 0.492
2 3072 0.528
3 3072 0.595
5 3072 0.956
5 3072 0.905
5 3072 0.935
5 3072 0.9
5 3072 0.982
5 3072 0.886
5 3072 0.923
5 3072 1.006
3 3072 0.689
5 3072 0.963
5 3072 0.904
5 3072 0.935
5 3072 0.87
5 3072 0.887
5 3072 0.896
5 3072 0.932
5 3072 0.824
5 3072 0.957
5 3072 0.945
5 3072 0.91
5 3072 1.003
5 3072 0.999
5 3072 0.95
5 3072 0.971
5 3072 0.886
5 3072 0.875
5 3072 1.005
5 3072 0.882
5 3072 0.982
5 3072 0.795
5 3072 0.958
5 3072 0.887
5 3072 0.899
5 3072 0.829
5 3072 0.931
5 3072 0.838
5 3072 0.94
5 3072 0.863
5 3072 0.892
5 3072 0.995
5 3072 0.916
5 3072 1.007
5 3072 0.986
5 3072 1.021
2 3072 0.539
2 3072 0.479
2 3072 0.534
2 3072 0.417
2 3072 0.478
2 3072 0.44
2 3072 0.43
2 3072 0.475
2 3072 0.489
2 3072 0.478
2 3072 0.47
2 3072 0.506
3 3072 0.62
3 3072 0.635
3 3072 0.616
3 3072 0.596
3 3072 0.587
3 3072 0.659
3 3072 0.557
3 3072 0.638
3 3072 0.613
2 3072 0.484
3 3072 0.669
3 3072 0.615
3 3072 0.677
3 3072 0.742
3 3072 0.666
3 3072 0.602
3 3072 0.672
3 3072 0.599
3 3072 0.702
3 3072 0.636
4 3072 0.771
3 3072 0.666
3 3072 0.724
3 3072 0.614
3 3072 0.654
3 3072 0.619
3 3072 0.755
3 3072 0.63
3 3072 0.752
3 3072 0.625
3 3072 0.729
4 3072 0.7
4 3072 0.86
4 3072 0.699
4 3072 0.859
4 3072 0.716
4 3072 0.876
4 3072 0.794
4 3072 0.874
4 3072 0.772
4 3072 0.857
4 3072 0.753
4 3072 0.805
4 3072 0.771
4 3072 0.815
4 3072 0.757
4 3072 0.793
4 3072 0.769
4 3072 0.772
4 3072 0.862
3 3072 0.697
3 3072 0.648
3 3072 0.709
3 3072 0.652
3 3072 0.741
3 3072 0.632
3 3072 0.696
3 3072 0.678
3 3072 0.679
3 3072 0.71
4 3072 0.832
3 3072 0.65
3 3072 0.754
3 3072 0.659
3 3072 0.633
3 3072 0.594
3 3072 0.577
2 3072 0.54
2 3072 0.455
2 3072 0.488
2 3072 0.526
2 3072 0.442
2 3072 0.559
2 3072 0.464
2 3072 0.52
2 3072 0.473
2 3072 0.534
2 3072 0.528
1 3072 0.415
1 3072 0.345
1 3072 0.327
1 3072 0.368
1 3072 0.374
1 3072 0.416
1 3072 0.428
1 3072 0.357
1 3072 0.345
1 3072 0.322
1 3072 0.349
2 3072 0.43
2 3072 0.542
2 3072 0.421
2 3072 0.55
2 3072 0.524
2 3072 0.47
2 3072 0.467
2 3072 0.521
2 3072 0.517
1 3072 0.671
1 3072 0.636
1 3072 0.633
1 3072 0.644
1 3072 0.444
1 3072 0.485
1 3072 0.44
1 3072 0.416
1 3072 0.642
2 3072 0.472
2 3072 0.567
2 3072 0.503
2 3072 0.494
2 3072 0.52
2 3072 0.544
2 3072 0.504
2 3072 0.523
2 3072 0.505
2 3072 0.498
3 3072 0.574
3 3072 0.79
3 3072 0.858
3 3072 0.689
3 3072 0.766
3 3072 0.755
3 3072 0.67
3 3072 0.635
3 3072 0.632
3 3072 0.682
3 3072 0.648
3 3072 0.833
3 3072 0.841
3 3072 0.67
3 3072 0.779
3 3072 0.837
3 3072 0.696
3 3072 0.766
3 3072 0.856
3 3072 0.675
3 3072 0.733
3 3072 0.648
3 3072 0.622
3 3072 0.63
3 3072 0.843
3 3072 0.868
3 3072 0.813
3 3072 0.752
3 3072 0.676
3 3072 0.629
3 3072 0.683
3 3072 0.794
3 3072 0.895
3 3072 0.778
3 3072 0.847
3 3072 0.624
3 3072 0.679
3 3072 0.575
3 3072 0.642
3 3072 0.643
1 3072 0.326
1 3072 0.307
1 3072 0.343
1 3072 0.317
1 3072 0.34
1 3072 0.337
1 3072 0.305
1 3072 0.333
1 3072 0.311
1 3072 0.357
2 3072 0.801
2 3072 0.546
2 3072 0.756
2 3072 0.538
2 3072 0.548
2 3072 0.556
2 3072 0.543
2 3072 0.489
2 3072 0.444
2 3072 0.561
2 3072 0.783
1 3072 0.401
1 3072 0.481
1 3072 0.445
1 3072 0.379
1 3072 0.424
1 3072 0.394
1 3072 0.38
1 3072 0.41
1 3072 0.691
1 3072 0.72
3 3072 0.792
3 3072 0.787
3 3072 0.793
3 3072 0.676
3 3072 0.669
3 3072 0.582
2 3072 0.473
2 3072 0.687
2 3072 0.433
2 3072 0.407
2 3072 0.478
2 3072 0.46
2 3072 0.419
2 3072 0.531
2 3072 0.423
2 3072 0.51
2 3072 0.546
1 3072 0.413
1 3072 0.374
1 3072 0.391
1 3072 0.393
1 3072 0.39
1 3072 0.352
1 3072 0.375
1 3072 0.391
1 3072 0.375
1 3072 0.389
2 3072 0.559
2 3072 0.49
2 3072 0.542
2 3072 0.54
2 3072 0.514
2 3072 0.456
2 3072 0.529
2 3072 0.516
2 3072 0.448
2 3072 0.455
3 3072 0.572
3 3072 0.61
3 3072 0.542
3 3072 0.654
3 3072 0.535
3 3072 0.643
3 3072 0.56
3 3072 0.772
3 3072 0.595
3 3072 0.718
3 3072 0.608
3 3072 0.746
3 3072 0.584
3 3072 0.696
3 3072 0.631
3 3072 0.695
3 3072 0.579
3 3072 0.631
3 3072 0.565
3 3072 0.619
3 3072 0.638
3 3072 0.649
3 3072 0.62
3 3072 0.656
3 3072 0.642
3 3072 0.664
3 3072 0.725
3 3072 0.652
3 3072 0.62
3 3072 0.619
3 3072 0.696
3 3072 0.745
3 3072 0.654
3 3072 0.662
3 3072 0.675
3 3072 0.755
3 3072 0.634
3 3072 0.633
3 3072 0.724
3 3072 0.672
1 3072 0.359
1 3072 0.42
1 3072 0.384
1 3072 0.356
1 3072 0.32
1 3072 0.361
1 3072 0.349
1 3072 0.373
1 3072 0.354
1 3072 0.335
2 3072 0.742
2 3072 0.532
2 3072 0.728
2 3072 0.481
2 3072 0.506
2 3072 0.753
2 3072 0.595
2 3072 0.559
2 3072 0.739
2 3072 0.545
2 3072 0.44
1 3072 0.445
1 3072 0.423
1 3072 0.384
1 3072 0.393
1 3072 0.354
1 3072 0.395
1 3072 0.341
1 3072 0.375
1 3072 0.408
1 3072 0.375
1 3072 0.717
2 3072 0.596
2 3072 0.563
2 3072 0.493
2 3072 0.763
2 3072 0.774
2 3072 0.543
2 3072 0.579
2 3072 0.699
2 3072 0.483
2 3072 0.5
3 3072 0.633
3 3072 0.625
3 3072 0.778
3 3072 0.705
3 3072 0.585
3 3072 0.6
3 3072 0.566
3 3072 0.661
3 3072 0.674
3 3072 0.619
3 3072 0.691
3 3072 0.588
3 3072 0.58
3 3072 0.759
3 3072 0.599
3 3072 0.707
3 3072 0.624
3 3072 0.834
3 3072 0.618
3 3072 0.7
3 3072 0.606
3 3072 0.605
3 3072 0.589
3 3072 0.621
3 3072 0.613
3 3072 0.626
3 3072 0.687
3 3072 0.571
3 3072 0.676
3 3072 0.618
3 3072 0.692
3 3072 0.714
3 3072 0.591
3 3072 0.652
3 3072 0.631
3 3072 0.579
3 3072 0.634
3 3072 0.6
3 3072 0.669
3 3072 0.624
1 3072 0.408
1 3072 0.388
1 3072 0.367
1 3072 0.395
1 3072 0.441
1 3072 0.386
1 3072 0.424
1 3072 0.392
1 3072 0.417
1 3072 0.411
3 3072 0.594
3 3072 0.597
3 3072 0.613
3 3072 0.571
3 3072 0.644
3 3072 0.587
3 3072 0.626
3 3072 0.603
3 3072 0.637
3 3072 0.57
3 3072 0.563
3 3072 0.58
3 3072 0.667
3 3072 0.591
3 3072 0.645
3 3072 0.602
3 3072 0.613
3 3072 0.616
3 3072 0.65
2 3072 0.479
3 3072 0.631
3 3072 0.65
3 3072 0.625
3 3072 0.581
3 3072 0.633
3 3072 0.624
3 3072 0.598
3 3072 0.63
3 3072 0.632
3 3072 0.564
3 3072 0.609
3 3072 0.609
3 3072 0.591
3 3072 0.584
3 3072 0.569
3 3072 0.653
3 3072 0.63
3 3072 0.666
3 3072 0.588
3 3072 0.649
3 3072 0.615
3 3072 0.635
3 3072 0.607
3 3072 0.612
3 3072 0.647
3 3072 0.629
3 3072 0.61
3 3072 0.632
3 3072 0.705
3 3072 0.721
3 3072 0.669
3 3072 0.693
2 3072 0.517
