0.4 5 1 edge
0.4 10 1 edge
0.4 15 1 edge
0.4 20 1 edge
0.4 40 1 edge
0.4 60 1 edge
0.4 75 1 edge
0.4 100 15 1 4096 edge+serverless 0.0001992536528
0.4 150 15 1 4096 edge+serverless 0.0005977609584
0.4 150 15 1 4096 edge+serverless 0.0005977609584
0.4 60 1 edge
2 60 1 edge
2 120 100 1 1024 edge+serverless 0.00011761423264000003
2 120000 100 5 1024 edge+serverless 0.3433598273353601
2 120000000 100 5 1024 edge+serverless 343.6459127961674
2 60 1 edge
0.2 60 5 1 4096 edge+serverless 7.970146112e-05
0.2 100 5 1 4096 edge+serverless 0.0003985073056
0.2 100 5 1 4096 edge+serverless 0.0003985073056
2 100 1 edge
2 200 100 1 1024 edge+serverless 0.0005880711632000001
2 400 100 1 1024 edge+serverless 0.0017642134896000002
2 40000 100 5 1024 edge+serverless 0.11426236122336002
0.4 60 1 edge
0.4 100 15 1 4096 edge+serverless 0.0001992536528
0.3 100 10 1 4096 edge+serverless 0.00027098496780799997
0.3 100 10 1 4096 edge+serverless 0.00027098496780799997
1 60 20 1 1024 edge+serverless 0.00011761423264000003
1 60 20 1 1024 edge+serverless 0.00011761423264000003
1 60 20 1 1024 edge+serverless 0.00011761423264000003
1 60 20 1 1024 edge+serverless 0.0023522846528000003
1 60 20 1 1024 edge+serverless 0.0023522846528000003
1 60 20 1 1024 edge+serverless 2.3522846528000003
1 60 20 1 1024 edge+serverless 1.1761423264000002e-08
1 60 20 1 1024 edge+serverless 5.880711632000001e-05
1 60 20 1 1024 edge+serverless 5.880711632000002e-10
1 60 20 1 1024 edge+serverless 0.00011761423264000003
1 60 20 1 1024 edge+serverless 0.00011761423264000003
1 60 20 1 1024 edge+serverless 1.1761423264000002e-07
1 60 20 1 1024 edge+serverless 0.11761423264000002
1 60 20 1 1024 edge+serverless 0.11761423264000002
1 60 20 1 1024 edge+serverless 0.11761423264000002
1 60 20 1 1024 edge+serverless 0.11761423264000002
1 60 20 1 1024 edge+serverless 0.11761423264000002
1.5 60 20 1 1024 edge+serverless 0.19994419548800005
1.5 60 20 1 1024 edge+serverless 0.19994419548800005
2 60 1 edge
1 60 20 1 1024 edge+serverless 0.11761423264000002
1 60 20 1 1024 edge+serverless 0.11761423264000002
1 6000 20 3 1024 edge+serverless 20.068007792784
1 60 20 1 1024 edge+serverless 0.09067359462400001
1 60 20 1 1024 edge+serverless 9.067359462400001e-05
1 60 20 1 1024 edge+serverless 9.067359462400001e-05
1 60 20 1 1024 edge+serverless 9.067359462400001e-05
1 60 20 1 1024 edge+serverless 9.067359462400001e-05
1 60 20 1 1024 edge+serverless 9.067359462400001e-05
1 60 20 1 1024 edge+serverless 9.067359462400001e-05
1 60 20 1 1024 edge+serverless 9.067359462400001e-05
1 60 20 1 1024 edge+serverless 9.067359462400001e-05
1 60 20 1 1024 edge+serverless 9.067359462400001e-05
1 60 20 1 1024 edge+serverless 9.067359462400001e-05
1 60 20 1 1024 edge+serverless 9.067359462400001e-05
1 60 20 1 1024 edge+serverless 9.067359462400001e-05
1 60 20 1 1024 edge+serverless 9.067359462400001e-05
1 60 20 5 1024 edge+serverless 4.67859189248e-05
1 60 20 5 1024 edge+serverless 4.67859189248e-05
1 60 20 5 1024 edge+serverless 4.67859189248e-05
1 60 20 5 1024 edge+serverless 4.67859189248e-05
1 60 20 3 1024 edge+serverless 5.6805558118399996e-05
1 60 20 3 1024 edge+serverless 5.6805558118399996e-05
0.4 60 1 edge
0.4 100 15 1 1024 edge+serverless 0.00011334199328000001
0.4 100 15 1 1024 edge+serverless 0.00011334199328000001
0.4 2000 15 1 1024 edge+serverless 0.008727333482560001
1 2000 20 5 1024 edge+serverless 0.0045850200546304004
0.8 60 20 2 1024 edge+serverless 3.1621898656000005e-05
0.8 100 20 3 1024 edge+serverless 0.0001379563554304
0.8 100 20 3 1024 edge+serverless 0.0001379563554304
