1 1024 0.273
1 1024 0.279
1 1024 0.268
1 1024 0.277
1 1024 0.272
1 1024 0.368
1 1024 0.669
1 1024 0.422
1 1024 0.476
1 1024 0.38
1 1024 0.367
5 1024 1.113
5 1024 1.166
5 1024 1.1
5 1024 1.132
5 1024 1.171
5 1024 1.165
5 1024 1.15
5 1024 1.076
5 1024 1.129
5 1024 1.035
10 1024 1.987
10 1024 2.079
10 1024 2.025
10 1024 1.959
10 1024 1.958
10 1024 1.897
10 1024 1.765
10 1024 1.837
10 1024 1.906
10 1024 1.808
15 1024 2.684
15 1024 2.675
15 1024 2.719
15 1024 2.763
15 1024 2.768
15 1024 2.854
15 1024 2.937
15 1024 2.842
15 1024 2.948
15 1024 2.789
20 1024 3.658
20 1024 3.432
20 1024 3.639
20 1024 3.691
20 1024 3.527
20 1024 3.646
20 1024 3.647
20 1024 3.871
20 1024 3.856
20 1024 3.664
1 2048 0.386
1 2048 0.43
1 2048 0.378
1 2048 0.436
1 2048 0.389
1 2048 0.416
1 2048 0.391
1 2048 0.367
1 2048 0.421
1 2048 0.378
1 2048 0.695
1 2048 0.418
1 2048 0.364
1 2048 0.401
1 2048 0.361
1 2048 0.347
1 2048 0.358
1 2048 0.374
1 2048 0.359
1 2048 0.353
5 2048 0.973
5 2048 0.959
5 2048 0.961
5 2048 0.986
5 2048 0.972
5 2048 0.989
5 2048 0.959
5 2048 0.978
5 2048 0.95
5 2048 1.006
10 2048 1.841
10 2048 1.858
10 2048 1.968
10 2048 2.009
10 2048 2.079
10 2048 2.067
10 2048 2.096
10 2048 1.931
10 2048 1.95
10 2048 2.097
15 2048 2.922
15 2048 2.872
15 2048 2.662
15 2048 2.759
15 2048 2.664
15 2048 2.651
15 2048 2.492
15 2048 2.554
15 2048 2.547
15 2048 2.457
20 2048 3.293
20 2048 3.289
20 2048 3.33
20 2048 3.347
20 2048 3.438
20 2048 3.644
20 2048 3.703
20 2048 3.517
20 2048 3.386
20 2048 3.391
