1 2048 1.0704236030578613 0.19968533515930176 0.8707382678985596
1 2048 0.6417953968048096 0.13623595237731934 0.5055594444274902
1 2048 0.6490259170532227 0.1375577449798584 0.5114681720733643
64 2048 13.781551599502563 12.850823402404785 0.9307281970977783
64 2048 7.857543468475342 6.357522010803223 1.5000214576721191
64 2048 12.900277137756348 11.5421462059021 1.358130931854248
128 2048 28.65036940574646 27.6021146774292 1.0482547283172607
64 4096 7.39366340637207 6.340483665466309 1.0531797409057617
64 4096 12.870301485061646 11.59872031211853 1.2715811729431152
64 4096 13.274101734161377 11.862774848937988 1.4113268852233887
64 4096 15.278743743896484 14.290923595428467 0.9878201484680176
64 4096 15.175204515457153 14.062340259552002 1.1128642559051514
64 4096 13.83815860748291 12.077142477035522 1.7610161304473877
64 4096 15.777270555496216 13.564475297927856 2.2127952575683594
64 4096 16.513598680496216 14.31041169166565 2.2031869888305664
64 4096 16.005983114242554 13.133121490478516 2.872861623764038
64 4096 16.03712034225464 12.216423988342285 3.8206963539123535
64 4096 16.83826756477356 12.435820817947388 4.402446746826172
64 4096 18.007465362548828 13.764091491699219 4.243373870849609
64 4096 18.321823120117188 12.727196455001831 5.5946266651153564
1 1024 20.582220315933228 0.17155885696411133 20.410661458969116
1 1024 0.6633405685424805 0.1276092529296875 0.535731315612793
1 1024 0.5836546421051025 0.13616061210632324 0.4474940299987793
1 1024 0.5902094841003418 0.12584161758422852 0.4643678665161133
1 1024 0.610297441482544 0.1263725757598877 0.48392486572265625
2 1024 0.7534282207489014 0.23335981369018555 0.5200684070587158
2 1024 0.7820820808410645 0.2814342975616455 0.500647783279419
2 1024 0.7682700157165527 0.2619469165802002 0.5063230991363525
2 1024 0.7249412536621094 0.2268664836883545 0.4980747699737549
2 1024 0.7962846755981445 0.22934436798095703 0.5669403076171875
4 1024 0.9568414688110352 0.4368469715118408 0.5199944972991943
4 1024 1.0068693161010742 0.46904635429382324 0.537822961807251
4 1024 1.1932225227355957 0.496549129486084 0.6966733932495117
4 1024 1.115994930267334 0.5151970386505127 0.6007978916168213
4 1024 1.174689769744873 0.520505428314209 0.6541843414306641
8 1024 1.7817931175231934 1.1590259075164795 0.6227672100067139
8 1024 1.6148724555969238 1.0056774616241455 0.6091949939727783
8 1024 1.6522819995880127 0.9887349605560303 0.6635470390319824
8 1024 1.7035443782806396 0.9793696403503418 0.7241747379302979
8 1024 1.7407310009002686 0.9757957458496094 0.7649352550506592
16 1024 3.3478035926818848 2.574040651321411 0.7737629413604736
16 1024 3.209597110748291 2.469012498855591 0.7405846118927002
16 1024 3.669229507446289 2.5816433429718018 1.0875861644744873
16 1024 3.5944697856903076 2.579615592956543 1.0148541927337646
16 1024 3.3912012577056885 2.407381772994995 0.9838194847106934
32 1024 23.459455013275146 2.988692283630371 20.470762729644775
32 1024 6.35976243019104 5.55295467376709 0.8068077564239502
32 1024 7.198982000350952 5.456795692443848 1.7421863079071045
32 1024 7.512964248657227 6.409631729125977 1.10333251953125
32 1024 7.8018882274627686 6.097667694091797 1.7042205333709717
32 2048 7.24614405632019 6.081858396530151 1.164285659790039
32 2048 4.399848937988281 3.241746664047241 1.15810227394104
32 2048 6.6608827114105225 5.631810426712036 1.0290722846984863
32 2048 6.755125522613525 5.613856554031372 1.1412689685821533
32 2048 7.233589172363281 5.532144784927368 1.701444387435913
32 2048 27.27278995513916 3.236057758331299 24.03673219680786
32 2048 6.168846130371094 5.442514419555664 0.7263317108154297
32 2048 6.385938882827759 5.733010292053223 0.6529285907745361
32 2048 6.219356060028076 5.582830905914307 0.6365251541137695
32 2048 6.816175222396851 6.1399312019348145 0.6762440204620361
64 2048 15.71997618675232 14.93614149093628 0.78383469581604
64 2048 14.379580020904541 13.410521030426025 0.9690589904785156
64 2048 14.261534452438354 13.497328996658325 0.7642054557800293
64 2048 14.511108160018921 13.659342765808105 0.8517653942108154
64 2048 14.397403001785278 13.544056415557861 0.853346586227417
