1 32768 0.750002384185791 0.04954218864440918 0.7004601955413818
1 32768 0.39338207244873047 0.039667606353759766 0.3537144660949707
1 32768 0.4078643321990967 0.03705787658691406 0.3708064556121826
1 32768 0.38883090019226074 0.03956747055053711 0.34926342964172363
1 32768 0.37961673736572266 0.03756356239318848 0.3420531749725342
5 32768 0.6565046310424805 0.14630866050720215 0.5101959705352783
5 32768 0.4887359142303467 0.13428735733032227 0.3544485569000244
5 32768 0.45497775077819824 0.11264610290527344 0.3423316478729248
5 32768 0.47404026985168457 0.11342239379882812 0.36061787605285645
5 32768 0.45970630645751953 0.11174249649047852 0.347963809967041
2 32768 0.4611074924468994 0.05290651321411133 0.4082009792327881
2 32768 0.4550666809082031 0.05749392509460449 0.39757275581359863
2 32768 0.42536234855651855 0.05545973777770996 0.3699026107788086
2 32768 0.3995628356933594 0.058670997619628906 0.34089183807373047
2 32768 0.3990645408630371 0.05961418151855469 0.3394503593444824
4 32768 0.511481523513794 0.10824227333068848 0.40323925018310547
4 32768 0.4465916156768799 0.09779548645019531 0.34879612922668457
4 32768 0.43024230003356934 0.09292411804199219 0.33731818199157715
4 32768 0.468890905380249 0.09941840171813965 0.3694725036621094
4 32768 0.8469812870025635 0.09708690643310547 0.749894380569458
8 32768 0.727513313293457 0.20302057266235352 0.5244927406311035
8 32768 0.5109777450561523 0.15021514892578125 0.3607625961303711
8 32768 0.5186636447906494 0.14946651458740234 0.36919713020324707
8 32768 1.2226526737213135 0.21618914604187012 1.0064635276794434
8 32768 0.5242271423339844 0.16114282608032227 0.3630843162536621
8 32768 0.5125083923339844 0.14968371391296387 0.3628246784210205
8 32768 0.5305335521697998 0.16883492469787598 0.36169862747192383
16 32768 0.7866969108581543 0.2619354724884033 0.524761438369751
16 32768 0.5822129249572754 0.20647716522216797 0.3757357597351074
16 32768 0.7669792175292969 0.17813682556152344 0.5888423919677734
16 32768 0.5102443695068359 0.17330265045166016 0.3369417190551758
32 32768 0.8089876174926758 0.3821413516998291 0.4268462657928467
32 32768 0.9472250938415527 0.29596447944641113 0.6512606143951416
32 32768 0.6346588134765625 0.2912275791168213 0.3434312343597412
32 32768 0.9501650333404541 0.29776573181152344 0.6523993015289307
64 32768 1.3423829078674316 0.6865112781524658 0.6558716297149658
64 32768 0.9916942119598389 0.5482416152954102 0.4434525966644287
64 32768 0.9462366104125977 0.5292308330535889 0.4170057773590088
64 32768 1.187082052230835 0.5502877235412598 0.6367943286895752
128 32768 2.1381263732910156 1.253166913986206 0.8849594593048096
128 32768 1.8932547569274902 1.0540602207183838 0.8391945362091064
128 32768 1.863577127456665 1.0605473518371582 0.8030297756195068
128 32768 1.7802157402038574 1.0278410911560059 0.7523746490478516
256 32768 3.5449986457824707 2.477389097213745 1.0676095485687256
256 32768 2.9766104221343994 2.1082136631011963 0.8683967590332031
256 32768 2.6022045612335205 1.9789059162139893 0.6232986450195312
256 32768 2.5524325370788574 1.9609665870666504 0.591465950012207
512 32768 5.519382476806641 4.370209455490112 1.1491730213165283
512 32768 5.015183925628662 4.126068830490112 0.8891150951385498
512 32768 4.76620888710022 3.8922128677368164 0.8739960193634033
512 32768 4.979855537414551 4.064651727676392 0.9152038097381592
512 32768 4.7650792598724365 3.8944408893585205 0.870638370513916
1000 32768 10.748275518417358 8.347009658813477 2.401265859603882
1000 32768 10.486873149871826 9.173401832580566 1.3134713172912598
1000 32768 10.006699800491333 8.24629259109497 1.7604072093963623
1000 32768 10.0502290725708 8.545648097991943 1.5045809745788574
100 32768 1.7723088264465332 1.0173053741455078 0.7550034523010254
100 32768 1.3418989181518555 0.8533205986022949 0.48857831954956055
100 32768 1.4411089420318604 0.8506021499633789 0.5905067920684814
100 32768 1.3393113613128662 0.8585634231567383 0.48074793815612793
100 32768 1.2812457084655762 0.8340859413146973 0.4471597671508789
200 32768 3.0290112495422363 1.9771451950073242 1.051866054534912
200 32768 2.2244863510131836 1.61501145362854 0.6094748973846436
200 32768 2.344957113265991 1.5777199268341064 0.7672371864318848
200 32768 2.3448586463928223 1.5544564723968506 0.7904021739959717
300 32768 3.244772434234619 2.3517649173736572 0.8930075168609619
300 32768 3.3159286975860596 2.3457396030426025 0.970189094543457
300 32768 3.7535903453826904 2.5716803073883057 1.1819100379943848
300 32768 4.081952810287476 2.9562149047851562 1.1257379055023193
400 32768 6.349339962005615 5.105918645858765 1.2434213161468506
400 32768 4.420332908630371 3.251436948776245 1.168895959854126
400 32768 4.57220196723938 3.244586706161499 1.3276152610778809
400 32768 4.39942741394043 3.3105618953704834 1.0888655185699463
400 32768 4.073169231414795 3.1389174461364746 0.9342517852783203
400 32768 4.080486297607422 3.0098042488098145 1.0706820487976074
400 32768 4.19223952293396 3.2071914672851562 0.9850480556488037
800 32768 8.182127952575684 6.64925479888916 1.5328731536865234
800 32768 7.938179016113281 6.72399115562439 1.2141878604888916
800 32768 8.027996063232422 6.402775287628174 1.625220775604248
600 32768 6.38593864440918 5.1673150062561035 1.2186236381530762
600 32768 5.966065406799316 4.83536958694458 1.1306958198547363
600 32768 5.810317277908325 4.799678325653076 1.010638952255249
1 32768 0.704134464263916 0.14117717742919922 0.5629572868347168
1 32768 0.6874692440032959 0.18785929679870605 0.49960994720458984
1 32768 0.6690990924835205 0.14070844650268555 0.528390645980835
1 32768 0.6488926410675049 0.18425202369689941 0.46464061737060547
1 32768 0.6930501461029053 0.15685176849365234 0.5361983776092529
1 32768 0.7111291885375977 0.1599431037902832 0.5511860847473145
