1 32768 0.2820284366607666 0.2770206928253174
1 32768 0.30166077613830566 0.29766130447387695
1 32768 0.30117130279541016 0.29746007919311523
1 32768 0.37236642837524414 0.36936187744140625
1 32768 0.30930304527282715 0.3040597438812256
1 32768 0.2965269088745117 0.2935216426849365
1 32768 0.300734281539917 0.2967343330383301
1 32768 0.2928628921508789 0.2898600101470947
1 32768 0.31752777099609375 0.31353163719177246
1 32768 0.3008415699005127 0.2968416213989258
1 32768 0.29197096824645996 0.2889723777770996
1 32768 0.2961287498474121 0.2926206588745117
1 32768 0.32175397872924805 0.31775426864624023
1 32768 0.32628750801086426 0.3212876319885254
1 32768 0.32190418243408203 0.3168966770172119
1 32768 0.30425167083740234 0.30025196075439453
1 32768 0.32813239097595215 0.3224048614501953
1 32768 0.34265589714050293 0.3376576900482178
1 32768 0.3012375831604004 0.29531431198120117
1 32768 0.3089714050292969 0.305131196975708
2 32768 0.3684682846069336 0.3634769916534424
2 32768 0.38172292709350586 0.3787236213684082
2 32768 0.45916199684143066 0.45516157150268555
2 32768 0.41190528869628906 0.4078042507171631
2 32768 0.39784789085388184 0.3938479423522949
2 32768 0.40102410316467285 0.39702486991882324
2 32768 0.40810728073120117 0.40390801429748535
2 32768 0.46785664558410645 0.4618496894836426
2 32768 0.45196986198425293 0.4459695816040039
2 32768 0.41429781913757324 0.40827393531799316
2 32768 0.4025611877441406 0.39755797386169434
2 32768 0.4049720764160156 0.40097928047180176
2 32768 0.40595078468322754 0.4019510746002197
2 32768 0.42366719245910645 0.41698265075683594
2 32768 0.4432859420776367 0.4367787837982178
2 32768 0.4897339344024658 0.4834911823272705
2 32768 0.4248983860015869 0.41889381408691406
2 32768 0.46300816535949707 0.4560079574584961
2 32768 0.4094531536102295 0.40344810485839844
2 32768 0.4722015857696533 0.4651916027069092
2 32768 0.4018869400024414 0.39487361907958984
2 32768 0.3615903854370117 0.3566019535064697
2 32768 0.3945910930633545 0.3895900249481201
2 32768 0.4446296691894531 0.43962836265563965
2 32768 0.40136098861694336 0.3954634666442871
2 32768 0.38993024826049805 0.3849363327026367
2 32768 0.4121720790863037 0.4069371223449707
2 32768 0.4167783260345459 0.41377830505371094
2 32768 0.4532134532928467 0.44928669929504395
2 32768 0.43003225326538086 0.4250321388244629
2 32768 0.41605544090270996 0.4090549945831299
2 32768 0.42630767822265625 0.4213075637817383
2 32768 0.40138745307922363 0.39536356925964355
2 32768 0.40288639068603516 0.3974945545196533
2 32768 0.48832201957702637 0.48232245445251465
2 32768 0.5313565731048584 0.5223557949066162
2 32768 0.4985237121582031 0.49073314666748047
2 32768 0.4625058174133301 0.4535050392150879
2 32768 0.43494081497192383 0.42794060707092285
2 32768 0.42127442359924316 0.41427159309387207
2 32768 0.4048004150390625 0.3988001346588135
4 32768 0.5747880935668945 0.5687887668609619
4 32768 0.6419422626495361 0.6369547843933105
4 32768 0.5909428596496582 0.5859432220458984
4 32768 0.5679137706756592 0.5639135837554932
4 32768 0.6088354587554932 0.6038362979888916
4 32768 0.7221944332122803 0.7151942253112793
4 32768 0.6769204139709473 0.6699187755584717
4 32768 0.6623067855834961 0.6563045978546143
4 32768 0.6740903854370117 0.6679062843322754
4 32768 0.732982873916626 0.725161075592041
4 32768 0.6286325454711914 0.6206328868865967
4 32768 0.6160686016082764 0.6090691089630127
4 32768 0.6065976619720459 0.5977725982666016
4 32768 0.658607006072998 0.6504335403442383
4 32768 0.6782276630401611 0.6676573753356934
4 32768 0.6337089538574219 0.6247098445892334
4 32768 0.5962638854980469 0.5877232551574707
4 32768 0.691929817199707 0.6829304695129395
4 32768 0.6251568794250488 0.6153652667999268
4 32768 0.6738626956939697 0.6648547649383545
8 32768 0.95585036277771 0.948631763458252
8 32768 1.0238792896270752 1.0178911685943604
8 32768 0.9792919158935547 0.971766471862793
8 32768 1.0944530963897705 1.0874524116516113
8 32768 0.9975390434265137 0.9905388355255127
8 32768 0.9449996948242188 0.9369914531707764
8 32768 1.145721673965454 1.1380884647369385
8 32768 0.9642157554626465 0.9562158584594727
8 32768 1.0163931846618652 1.006544828414917
8 32768 1.1030223369598389 1.0890214443206787
8 32768 0.9957354068756104 0.9860105514526367
8 32768 0.9845860004425049 0.9730145931243896
8 32768 1.1433076858520508 1.1323058605194092
8 32768 0.9926879405975342 0.9806830883026123
8 32768 0.9973030090332031 0.9843032360076904
8 32768 1.1188902854919434 1.104888677597046
8 32768 1.0095734596252441 0.9935672283172607
8 32768 1.117229700088501 1.1006402969360352
8 32768 1.0455291271209717 1.028529167175293
8 32768 1.0997629165649414 1.0847625732421875
16 32768 1.7924041748046875 1.785400629043579
16 32768 1.73881196975708 1.7307891845703125
16 32768 1.7968873977661133 1.7868876457214355
16 32768 1.9669713973999023 1.9579713344573975
16 32768 2.879091739654541 2.8682239055633545
16 32768 2.661778688430786 2.6467783451080322
16 32768 2.3520991802215576 2.333099842071533
16 32768 1.9164597988128662 1.8986802101135254
16 32768 1.8696038722991943 1.8536040782928467
16 32768 1.8564229011535645 1.8374230861663818
16 32768 1.8825757503509521 1.8635432720184326
16 32768 1.8808913230895996 1.8598895072937012
16 32768 1.9020426273345947 1.8810391426086426
16 32768 1.8918099403381348 1.863119125366211
16 32768 1.9269254207611084 1.9034240245819092
16 32768 1.931462049484253 1.9033422470092773
16 32768 1.9357590675354004 1.9097580909729004
16 32768 1.921717882156372 1.8935766220092773
16 32768 1.9280023574829102 1.8979997634887695
16 32768 1.93650221824646 1.905043601989746
32 32768 3.672865152359009 3.660973072052002
32 32768 3.7397878170013428 3.7227847576141357
32 32768 3.656039237976074 3.6394660472869873
32 32768 3.6802356243133545 3.6632418632507324
32 32768 3.690227508544922 3.673220157623291
32 32768 3.7287707328796387 3.6991841793060303
32 32768 3.728116035461426 3.701087474822998
32 32768 3.770646333694458 3.741889238357544
32 32768 3.7332184314727783 3.7042179107666016
32 32768 3.7559022903442383 3.720888376235962
32 32768 3.837312936782837 3.795670509338379
32 32768 3.8449041843414307 3.80228590965271
32 32768 3.861253261566162 3.8170948028564453
32 32768 3.8194854259490967 3.7687478065490723
32 32768 3.8807435035705566 3.83695912361145
32 32768 3.8654003143310547 3.817194700241089
32 32768 3.9654183387756348 3.910179376602173
32 32768 3.8882992267608643 3.830543279647827
32 32768 3.9375503063201904 3.8786020278930664
32 32768 3.886746883392334 3.826746702194214
64 32768 7.006631374359131 6.982959270477295
64 32768 6.993565559387207 6.972548484802246
64 32768 7.011574029922485 6.983569145202637
64 32768 6.9511072635650635 6.918171405792236
64 32768 7.030127286911011 6.9881227016448975
128 32768 12.494449615478516 12.455915927886963 0.038533687591552734
128 32768 12.483606576919556 12.440568208694458 0.043038368225097656
128 32768 12.453423500061035 12.393533706665039 0.059889793395996094
256 32768 24.86800503730774 24.77408480644226 0.09392023086547852
256 32768 25.619477033615112 25.52622938156128 0.09324765205383301
256 32768 25.430944442749023 25.336880922317505 0.09406352043151855
