1 1024 0.659
1 1024 0.655
1 1024 0.42
1 1024 0.673
1 1024 0.34
1 1024 0.338
1 1024 0.417
1 1024 0.393
1 1024 0.347
1 1024 0.434
1 1024 0.368
1 1024 0.417
1 1024 0.429
1 1024 0.357
1 1024 0.389
1 1024 0.394
1 1024 0.438
1 1024 0.335
2 1024 0.501
2 1024 0.508
2 1024 0.582
2 1024 0.537
2 1024 0.524
2 1024 0.452
2 1024 0.484
2 1024 0.505
2 1024 0.449
2 1024 0.414
2 1024 0.449
2 1024 0.514
2 1024 0.472
2 1024 0.555
2 1024 0.59
2 1024 0.427
2 1024 0.414
2 1024 0.453
2 1024 0.498
5 1024 1.013
5 1024 1.063
5 1024 1.048
5 1024 0.97
5 1024 0.908
5 1024 1.021
5 1024 0.807
5 1024 0.902
5 1024 0.831
5 1024 0.883
5 1024 0.912
5 1024 0.891
5 1024 1.122
5 1024 0.849
5 1024 1.009
5 1024 0.97
3 1024 0.647
3 1024 0.691
3 1024 0.617
3 1024 0.563
3 1024 0.581
3 1024 0.53
3 1024 0.758
3 1024 0.646
3 1024 0.673
3 1024 0.675
3 1024 0.632
3 1024 0.617
3 1024 0.605
3 1024 0.579
3 1024 0.67
3 1024 0.623
3 1024 0.618
4 1024 0.801
4 1024 0.737
4 1024 0.795
4 1024 0.756
4 1024 0.773
4 1024 0.815
4 1024 0.801
4 1024 0.707
4 1024 0.782
4 1024 0.8
4 1024 0.819
4 1024 0.703
4 1024 0.768
4 1024 0.768
4 1024 0.778
4 1024 0.701
4 1024 0.765
10 1024 1.838
10 1024 1.825
10 1024 1.722
10 1024 1.9
10 1024 1.783
10 1024 1.702
10 1024 1.983
10 1024 1.718
10 1024 1.59
10 1024 1.717
10 1024 1.663
10 1024 1.678
10 1024 1.685
1 2048 0.651
1 2048 0.653
1 2048 0.4
1 2048 0.379
1 2048 0.365
1 2048 0.337
1 2048 0.392
1 2048 0.355
1 2048 0.31
1 2048 0.342
1 2048 0.299
1 2048 0.39
1 2048 0.335
1 2048 0.284
1 2048 0.458
1 2048 0.304
1 2048 0.344
1 2048 0.34
1 2048 0.365
2 2048 0.474
2 2048 0.455
2 2048 0.449
2 2048 0.47
2 2048 0.408
2 2048 0.478
2 2048 0.483
2 2048 0.633
2 2048 0.466
2 2048 0.43
2 2048 0.42
2 2048 0.48
2 2048 0.452
2 2048 0.519
2 2048 0.539
2 2048 0.46
2 2048 0.472
2 2048 0.422
2 2048 0.517
3 2048 0.703
3 2048 0.599
3 2048 0.583
3 2048 0.622
3 2048 0.602
3 2048 0.582
3 2048 0.575
3 2048 0.655
3 2048 0.628
3 2048 0.59
3 2048 0.667
3 2048 0.634
3 2048 0.612
3 2048 0.575
3 2048 0.697
3 2048 0.63
3 2048 0.615
4 2048 0.722
4 2048 0.747
4 2048 0.684
4 2048 0.788
4 2048 0.698
4 2048 0.803
4 2048 0.656
4 2048 0.822
4 2048 0.684
4 2048 0.706
4 2048 0.664
4 2048 0.735
4 2048 0.718
4 2048 0.727
4 2048 0.682
4 2048 0.77
4 2048 0.717
5 2048 0.868
5 2048 0.852
5 2048 1.022
5 2048 0.847
5 2048 1.017
5 2048 1.023
5 2048 1.041
5 2048 0.866
5 2048 0.983
5 2048 0.995
5 2048 0.872
5 2048 0.835
5 2048 0.937
5 2048 0.795
5 2048 0.849
5 2048 0.835
1 3072 0.656
1 3072 0.708
1 3072 0.409
1 3072 0.675
1 3072 0.335
1 3072 0.338
1 3072 0.383
1 3072 0.333
1 3072 0.41
1 3072 0.363
1 3072 0.367
1 3072 0.438
1 3072 0.417
1 3072 0.417
1 3072 0.424
1 3072 0.47
1 3072 0.38
1 3072 0.416
1 3072 0.376
2 3072 0.54
2 3072 0.58
2 3072 0.508
2 3072 0.522
2 3072 0.526
2 3072 0.552
2 3072 0.572
2 3072 0.531
2 3072 0.5
2 3072 0.483
2 3072 0.542
2 3072 0.478
2 3072 0.531
2 3072 0.483
2 3072 0.529
2 3072 0.479
2 3072 0.494
2 3072 0.491
2 3072 0.538
3 3072 0.641
3 3072 0.583
3 3072 0.67
3 3072 0.567
3 3072 0.583
3 3072 0.595
3 3072 0.614
3 3072 0.59
3 3072 0.594
3 3072 0.56
3 3072 0.626
3 3072 0.59
3 3072 0.577
3 3072 0.55
3 3072 0.552
3 3072 0.597
3 3072 0.653
4 3072 0.801
4 3072 0.672
4 3072 0.685
4 3072 0.694
4 3072 0.687
4 3072 0.673
4 3072 0.715
4 3072 0.826
4 3072 0.764
4 3072 0.775
4 3072 0.799
4 3072 0.786
4 3072 0.769
4 3072 0.718
4 3072 0.751
4 3072 0.733
4 3072 0.8
5 3072 0.949
5 3072 0.929
5 3072 0.958
5 3072 0.865
5 3072 0.984
5 3072 0.846
5 3072 0.849
5 3072 0.811
5 3072 0.798
5 3072 0.807
5 3072 0.862
5 3072 0.874
5 3072 0.882
5 3072 0.969
5 3072 0.86
5 3072 1.035
5 3072 1.017
5 3072 1.02
5 3072 1.017
5 3072 0.994
5 3072 0.904
5 3072 1.093
5 3072 1.07
5 3072 0.871
5 3072 1.044
5 3072 0.916
5 3072 1.019
5 3072 0.778
5 3072 0.875
5 3072 0.821
5 3072 0.938
5 3072 0.846
2 3072 0.826
2 3072 0.76
2 3072 0.593
2 3072 0.522
2 3072 0.543
2 3072 0.66
2 3072 0.519
2 3072 0.548
2 3072 0.624
2 3072 0.515
2 3072 0.604
2 3072 0.803
2 3072 0.54
2 3072 0.546
2 3072 0.553
2 3072 0.584
2 3072 0.509
2 3072 0.651
