1 1024 0.8149240016937256 0.389723539352417
1 1024 0.6011314392089844 0.3274650573730469
1 1024 0.5925126075744629 0.3320298194885254
1 1024 0.6081974506378174 0.3306233882904053
1 1024 0.6676187515258789 0.4058961868286133
1 1024 0.781217098236084 0.4707520008087158
1 1024 0.808396577835083 0.5493030548095703
1 1024 0.8034842014312744 0.5028588771820068
1 1024 0.7293610572814941 0.39705872535705566
1 1024 0.7610273361206055 0.48519086837768555
1 1024 0.7938113212585449 0.46565747261047363
1 1024 0.741652250289917 0.4084293842315674
1 1024 0.7683327198028564 0.4266633987426758
1 1024 0.724205732345581 0.3972325325012207
1 1024 0.7951369285583496 0.47435545921325684
1 1024 0.9198160171508789 0.5350320339202881
1 1024 0.8901402950286865 0.5315639972686768
1 1024 0.9072461128234863 0.5241079330444336
2 1024 1.0557620525360107 0.7633802890777588
2 1024 0.9367740154266357 0.7088720798492432
2 1024 0.8894181251525879 0.6404430866241455
2 1024 0.8685524463653564 0.5857610702514648
2 1024 1.002673625946045 0.6665561199188232
2 1024 0.9991335868835449 0.6635422706604004
2 1024 1.03173828125 0.7034475803375244
2 1024 0.906853437423706 0.5843706130981445
2 1024 0.9610245227813721 0.637885332107544
2 1024 1.017786979675293 0.558927059173584
2 1024 1.082442045211792 0.6362526416778564
2 1024 1.0313401222229004 0.6455397605895996
2 1024 1.036820650100708 0.6271910667419434
2 1024 1.039435863494873 0.6513426303863525
2 1024 1.0085928440093994 0.5851716995239258
2 1024 0.9082760810852051 0.5361433029174805
2 1024 1.1090466976165771 0.6994106769561768
2 1024 1.091428518295288 0.6663594245910645
2 1024 0.9888887405395508 0.5912699699401855
2 1024 0.9241204261779785 0.5299837589263916
4 1024 1.3019931316375732 0.8848123550415039
4 1024 1.079505443572998 0.794445276260376
4 1024 1.1844727993011475 0.859391450881958
4 1024 1.2220935821533203 0.8871183395385742
4 1024 1.2100999355316162 0.8223893642425537
4 1024 1.2600371837615967 0.8814966678619385
4 1024 1.2128703594207764 0.8170926570892334
4 1024 1.2967560291290283 0.9250655174255371
4 1024 1.314650535583496 0.8810482025146484
4 1024 1.32267165184021 0.9044992923736572
4 1024 1.4497876167297363 1.0156443119049072
4 1024 1.4033761024475098 1.0049164295196533
4 1024 1.4961621761322021 1.0230274200439453
4 1024 1.4248759746551514 1.0332610607147217
4 1024 1.7861130237579346 1.0068871974945068
4 1024 1.5002105236053467 0.9710009098052979
4 1024 1.6149418354034424 1.0653843879699707
4 1024 1.5907020568847656 1.0089442729949951
4 1024 1.599271535873413 1.0264308452606201
4 1024 1.7770373821258545 1.1291639804840088
8 1024 1.9492793083190918 1.5969045162200928
8 1024 2.019599676132202 1.6613686084747314
8 1024 1.9957590103149414 1.5960156917572021
8 1024 1.988173484802246 1.6498253345489502
8 1024 2.277215003967285 1.8556067943572998
8 1024 2.109135389328003 1.7330753803253174
8 1024 2.108593463897705 1.6119074821472168
8 1024 2.185070037841797 1.7027533054351807
8 1024 2.1255264282226562 1.6260473728179932
8 1024 1.990027666091919 1.5199503898620605
8 1024 2.0009469985961914 1.5095131397247314
8 1024 1.9856595993041992 1.4327383041381836
8 1024 1.9007937908172607 1.387300729751587
8 1024 2.2207419872283936 1.460045337677002
8 1024 2.014136552810669 1.4500279426574707
8 1024 2.1830365657806396 1.491304874420166
8 1024 2.189007520675659 1.5623235702514648
8 1024 2.1207664012908936 1.5404870510101318
8 1024 2.4984617233276367 1.7259020805358887
8 1024 2.4605114459991455 1.7802238464355469
16 1024 4.0622217655181885 3.721982002258301
16 1024 3.928007125854492 3.4847252368927
16 1024 3.418248176574707 2.9590988159179688
16 1024 3.269012212753296 2.8379757404327393
16 1024 3.703291893005371 3.119863748550415
16 1024 3.4840097427368164 2.9338130950927734
16 1024 3.6070404052734375 2.986332416534424
16 1024 3.497243881225586 2.897379159927368
16 1024 3.5273313522338867 2.7952353954315186
16 1024 3.9675650596618652 3.0401389598846436
16 1024 3.8512070178985596 2.9365415573120117
16 1024 4.469290494918823 3.56011700630188
16 1024 4.485380172729492 3.486391544342041
16 1024 4.900991678237915 3.834329843521118
16 1024 4.721537113189697 3.8909740447998047
16 1024 4.9072864055633545 3.7366511821746826
16 1024 4.561724424362183 3.3426971435546875
16 1024 4.730430603027344 3.578248977661133
16 1024 4.460933685302734 3.1329538822174072
16 1024 4.440630197525024 2.8336124420166016
32 1024 5.506037473678589 5.081750869750977
32 1024 5.808286905288696 5.291815996170044
32 1024 6.6962714195251465 6.09049129486084
32 1024 7.284170627593994 6.134103775024414
32 1024 8.009164571762085 7.347716569900513
32 1024 7.382877826690674 6.689709901809692
32 1024 7.443815469741821 6.148468255996704
32 1024 6.862117767333984 5.918824911117554
32 1024 6.655769109725952 5.455145835876465
32 1024 6.764729976654053 5.264808654785156
32 1024 8.169321537017822 6.452051877975464
32 1024 8.734058380126953 7.004615068435669
32 1024 8.301804780960083 6.784814119338989
32 1024 7.771484613418579 5.90897536277771
32 1024 8.182232856750488 6.261002063751221
32 1024 7.824251413345337 5.7372167110443115
32 1024 7.888408660888672 5.850228786468506
32 1024 9.223048686981201 6.287325143814087
32 1024 8.884852647781372 6.3624327182769775
32 1024 9.721564292907715 6.989373445510864
64 1024 15.253399848937988 7.583775043487549
64 1024 15.412614345550537 13.68333888053894
64 1024 15.417304992675781 14.536278009414673
64 1024 14.899895429611206 14.133971929550171
64 1024 15.076991081237793 13.570163011550903
64 1024 16.182085037231445 14.849905729293823
64 1024 16.913042068481445 14.922419309616089
64 1024 15.181899785995483 13.212917566299438
64 1024 14.411388874053955 11.862474918365479
64 1024 17.826261043548584 15.152413606643677
64 1024 17.869523286819458 14.94221043586731
64 1024 16.332425594329834 13.086275577545166
64 1024 17.40618896484375 14.187478303909302
64 1024 20.27893853187561 16.575236082077026
64 1024 18.27267861366272 14.265073299407959
64 1024 17.196862936019897 13.220423460006714
64 1024 20.24691128730774 15.86985731124878
64 1024 18.666040182113647 14.052866697311401
64 1024 16.988399267196655 12.395011186599731
64 1024 20.197006940841675 15.343037605285645
1 2048 0.9828755855560303 0.6972622871398926
1 2048 0.7151944637298584 0.43120503425598145
1 2048 0.6471474170684814 0.3816366195678711
1 2048 0.6407516002655029 0.34728360176086426
1 2048 0.6654067039489746 0.3734405040740967
1 2048 0.6256043910980225 0.31514692306518555
1 2048 0.7658417224884033 0.43849802017211914
1 2048 0.7330813407897949 0.375363826751709
1 2048 0.6598670482635498 0.29817819595336914
1 2048 0.6400909423828125 0.32680320739746094
1 2048 0.7054257392883301 0.3585183620452881
1 2048 0.6868937015533447 0.33135533332824707
1 2048 0.708916425704956 0.37453699111938477
1 2048 0.6968069076538086 0.3459310531616211
1 2048 0.7706871032714844 0.3815624713897705
1 2048 0.7043173313140869 0.3340017795562744
1 2048 0.7124669551849365 0.3573722839355469
1 2048 0.7236852645874023 0.34146738052368164
2 2048 0.9944837093353271 0.6375014781951904
2 2048 0.8469951152801514 0.5916628837585449
2 2048 0.9027295112609863 0.6119670867919922
2 2048 0.9907093048095703 0.6672987937927246
2 2048 0.9946985244750977 0.6653091907501221
2 2048 0.9863824844360352 0.671851396560669
2 2048 0.9888346195220947 0.6465539932250977
2 2048 1.078465223312378 0.6535029411315918
2 2048 0.9397358894348145 0.5958893299102783
2 2048 1.0679960250854492 0.6635878086090088
2 2048 1.0098299980163574 0.6769146919250488
2 2048 1.0830111503601074 0.6917431354522705
2 2048 1.0073282718658447 0.6579611301422119
2 2048 1.1424474716186523 0.6602957248687744
2 2048 1.0761134624481201 0.6768090724945068
2 2048 1.1868629455566406 0.6726176738739014
2 2048 1.1106486320495605 0.7163059711456299
2 2048 1.2182600498199463 0.7952687740325928
2 2048 1.1710803508758545 0.7257657051086426
2 2048 1.102827787399292 0.6756501197814941
4 2048 1.2815308570861816 0.9731521606445312
4 2048 1.1451995372772217 0.8732559680938721
4 2048 1.201967716217041 0.8870229721069336
4 2048 1.1895568370819092 0.8991432189941406
4 2048 1.2601916790008545 0.9143784046173096
4 2048 1.2526891231536865 0.909771203994751
4 2048 1.1968820095062256 0.845754861831665
4 2048 1.2550389766693115 0.89052414894104
4 2048 1.3403222560882568 0.9695107936859131
4 2048 1.470597505569458 0.9681549072265625
4 2048 1.3945517539978027 1.0095760822296143
4 2048 1.3271269798278809 0.9353923797607422
4 2048 1.607788324356079 1.0748226642608643
4 2048 1.7058067321777344 1.1510975360870361
4 2048 1.6467502117156982 1.1936428546905518
4 2048 1.4217472076416016 0.9798767566680908
4 2048 1.475717544555664 1.0699782371520996
4 2048 1.5358943939208984 1.013763189315796
4 2048 1.5505740642547607 1.0742621421813965
4 2048 1.6225240230560303 1.1781039237976074
8 2048 2.586193084716797 2.0576870441436768
8 2048 2.4066903591156006 2.0857794284820557
8 2048 2.4758925437927246 2.0411205291748047
8 2048 2.366671323776245 1.9475972652435303
8 2048 2.3552114963531494 1.9770491123199463
8 2048 2.2804367542266846 1.851956844329834
8 2048 2.4835920333862305 2.045297622680664
8 2048 2.3044190406799316 1.876051902770996
8 2048 2.2880024909973145 1.8103413581848145
8 2048 2.3862128257751465 1.8001902103424072
8 2048 2.110588312149048 1.6691129207611084
8 2048 2.234790802001953 1.7062482833862305
8 2048 2.4739251136779785 1.8191211223602295
8 2048 2.508876323699951 1.817779302597046
8 2048 2.391197443008423 1.6016056537628174
8 2048 2.274148464202881 1.7213232517242432
8 2048 2.4240353107452393 1.8574531078338623
8 2048 2.689089059829712 1.8730225563049316
8 2048 2.5219333171844482 1.8770160675048828
8 2048 2.580273389816284 1.861685037612915
16 2048 4.337618827819824 3.945575714111328
16 2048 4.3996992111206055 3.9290599822998047
16 2048 4.372952222824097 3.7599546909332275
16 2048 4.21016526222229 3.4928250312805176
16 2048 3.9439215660095215 3.447489023208618
16 2048 3.770480155944824 3.2084293365478516
16 2048 3.8200831413269043 3.0489914417266846
16 2048 3.6947529315948486 3.059739112854004
16 2048 3.7897114753723145 3.001450538635254
16 2048 3.78413462638855 3.041076183319092
16 2048 4.025676012039185 3.028284788131714
16 2048 3.972896099090576 2.960465908050537
16 2048 4.402955770492554 3.3148767948150635
16 2048 4.223954677581787 3.383937120437622
16 2048 4.560304403305054 3.7089624404907227
16 2048 5.40105938911438 4.216358184814453
16 2048 4.844297885894775 4.0170228481292725
16 2048 4.864733457565308 3.8511312007904053
16 2048 5.706550359725952 4.098701000213623
16 2048 4.988224029541016 3.479308843612671
32 2048 6.257849216461182 5.813415288925171
32 2048 6.408132791519165 5.870913982391357
32 2048 7.395550727844238 6.736969947814941
32 2048 7.412590265274048 6.89398980140686
32 2048 8.485321760177612 7.6466662883758545
32 2048 8.304158449172974 7.59173846244812
32 2048 8.196006059646606 6.9846673011779785
32 2048 7.438816070556641 6.311840057373047
32 2048 7.495034456253052 6.266859769821167
32 2048 8.106689453125 6.681037187576294
32 2048 9.19741702079773 7.778768539428711
32 2048 9.471263885498047 8.126176357269287
32 2048 9.883382320404053 8.016926050186157
32 2048 9.286791563034058 7.4848997592926025
32 2048 8.807153224945068 6.763587951660156
32 2048 8.846537828445435 6.643206357955933
32 2048 9.69571852684021 7.578478813171387
32 2048 10.271976470947266 8.218352317810059
32 2048 10.725537776947021 8.31506633758545
32 2048 9.67570948600769 7.1797401905059814
64 2048 12.7817542552948 12.20130467414856
64 2048 14.203462839126587 13.408393621444702
64 2048 16.807206869125366 15.839895248413086
64 2048 13.799079179763794 12.573929786682129
64 2048 13.396153688430786 11.993944883346558
1 3072 0.7644879817962646 0.48923802375793457
1 3072 0.7204585075378418 0.44370198249816895
1 3072 0.5996723175048828 0.32754087448120117
1 3072 0.6668887138366699 0.38484930992126465
1 3072 0.7261030673980713 0.43308305740356445
1 3072 0.6133372783660889 0.3536388874053955
1 3072 0.7455711364746094 0.44165658950805664
1 3072 0.7169339656829834 0.3891134262084961
1 3072 0.7304251194000244 0.3392343521118164
1 3072 0.7084553241729736 0.32330894470214844
1 3072 0.6769897937774658 0.3353300094604492
1 3072 0.6849493980407715 0.34160947799682617
1 3072 0.7215659618377686 0.37592339515686035
1 3072 0.6899425983428955 0.3690462112426758
1 3072 0.6899068355560303 0.37200450897216797
1 3072 0.706125020980835 0.3594076633453369
1 3072 0.6964981555938721 0.34731078147888184
1 3072 0.7061076164245605 0.36566948890686035
1 3072 0.7176728248596191 0.3425898551940918
2 3072 0.7587854862213135 0.5204527378082275
2 3072 0.8834643363952637 0.5628008842468262
2 3072 0.923529863357544 0.5437726974487305
2 3072 0.8655693531036377 0.5744829177856445
2 3072 0.9142179489135742 0.5885329246520996
2 3072 0.9074611663818359 0.5598726272583008
2 3072 0.9114603996276855 0.5900688171386719
2 3072 0.9639017581939697 0.6058337688446045
2 3072 0.9847187995910645 0.6299712657928467
2 3072 1.0163655281066895 0.6502017974853516
2 3072 0.9877827167510986 0.6120700836181641
2 3072 1.0152521133422852 0.622990608215332
2 3072 1.1792466640472412 0.5984058380126953
2 3072 0.9309217929840088 0.5913105010986328
2 3072 0.9911937713623047 0.5923888683319092
2 3072 1.109428882598877 0.6859502792358398
2 3072 1.0876572132110596 0.6358606815338135
2 3072 1.0104687213897705 0.579071044921875
2 3072 1.0492935180664062 0.6269793510437012
2 3072 1.0232954025268555 0.6160802841186523
4 3072 1.3671836853027344 1.121788501739502
4 3072 1.5301222801208496 1.2361035346984863
4 3072 1.6035654544830322 1.2629766464233398
4 3072 1.5929677486419678 1.2538774013519287
4 3072 1.6102721691131592 1.2424561977386475
4 3072 1.5969457626342773 1.2404406070709229
4 3072 1.5704965591430664 1.2156696319580078
4 3072 1.6152076721191406 1.232923984527588
4 3072 1.5999958515167236 1.1979892253875732
4 3072 1.4726231098175049 1.0936052799224854
4 3072 1.6013855934143066 1.09737229347229
4 3072 1.4296882152557373 1.0059001445770264
4 3072 1.3738563060760498 1.0253472328186035
4 3072 1.3032989501953125 0.9192614555358887
4 3072 1.4016437530517578 0.9473345279693604
4 3072 1.3924195766448975 0.9154670238494873
4 3072 1.3316676616668701 0.8974592685699463
4 3072 1.386000633239746 0.9555807113647461
4 3072 1.4984922409057617 1.0169134140014648
4 3072 1.4061691761016846 1.0125551223754883
8 3072 1.9661390781402588 1.6698048114776611
8 3072 2.0181825160980225 1.6814143657684326
8 3072 2.1980514526367188 1.8300557136535645
8 3072 2.5003674030303955 2.094797372817993
8 3072 2.5928704738616943 2.1398026943206787
8 3072 2.7928578853607178 2.2842495441436768
8 3072 2.5315964221954346 2.1173887252807617
8 3072 2.3922901153564453 1.959287405014038
8 3072 2.716817855834961 2.2220299243927
8 3072 2.947146415710449 2.3860907554626465
8 3072 2.7138192653656006 2.228584051132202
8 3072 2.8010525703430176 2.070108652114868
8 3072 2.6392018795013428 1.9722247123718262
8 3072 2.4583044052124023 1.8983900547027588
8 3072 2.4972500801086426 1.8505659103393555
8 3072 2.5990543365478516 1.9973804950714111
8 3072 2.512720823287964 1.7086408138275146
8 3072 2.465599298477173 1.6821999549865723
8 3072 2.6499574184417725 1.766371250152588
8 3072 2.3915092945098877 1.6704998016357422
16 3072 4.4705517292022705 2.951096773147583
16 3072 3.7125015258789062 3.3356900215148926
16 3072 4.187941789627075 3.5830655097961426
16 3072 3.901838541030884 3.480811834335327
16 3072 4.119756460189819 3.590985059738159
16 3072 4.546645641326904 4.038519382476807
16 3072 4.509584426879883 3.5789613723754883
16 3072 4.499057054519653 3.618232250213623
16 3072 4.586200952529907 3.5776729583740234
16 3072 4.349379777908325 3.7630298137664795
16 3072 4.667283535003662 3.7699437141418457
16 3072 3.8237998485565186 3.096946954727173
16 3072 3.8717894554138184 2.965707540512085
16 3072 4.497856378555298 3.5338857173919678
16 3072 4.288705110549927 3.3030500411987305
16 3072 4.7951719760894775 3.5757968425750732
16 3072 5.411098480224609 4.16408109664917
16 3072 5.407819032669067 4.1278300285339355
16 3072 5.788653373718262 4.525876522064209
16 3072 5.318528175354004 4.187254428863525
32 3072 7.445021629333496 6.96447229385376
32 3072 8.016725540161133 7.440179347991943
32 3072 7.695964336395264 7.0659894943237305
32 3072 7.638009309768677 6.904113531112671
32 3072 7.546929359436035 6.808773040771484
64 3072 13.278019905090332 12.644522428512573
64 3072 12.694267749786377 12.062167644500732
64 3072 14.489556789398193 13.364365100860596
64 3072 16.1311936378479 15.205965042114258
64 3072 15.56430697441101 14.486243963241577
