64 1024 13.419131517410278 12.830959558486938 0.5881719589233398 0.052734375
64 1024 12.520373106002808 11.863761901855469 0.6566112041473389 0.1171875
64 1024 12.59777045249939 11.214550018310547 1.3832204341888428 0.2109375
64 1024 14.571423530578613 12.8400297164917 1.731393814086914 0.052734375
64 1024 14.831004619598389 12.859286785125732 1.9717178344726562 0.10546875
2 1024 14.214831829071045 13.754436731338501 0.46039509773254395 0.10546875
2 1024 13.15740156173706 12.882541418075562 0.274860143661499 0.75390625
2 1024 10.945060729980469 10.618150234222412 0.32691049575805664 0.75390625
2 1024 12.300287961959839 11.97515869140625 0.32512927055358887 0.158203125
2 1024 14.170348644256592 13.79852843284607 0.37182021141052246 3.892578125
